64 2 3 61 60 6 7 57
9 55 54 12 13 51 50 16
17 47 46 20 31 43 42 24
40 26 27 37 36 30 31 33
32 34 35 29 28 38 39 25
41 23 22 44 45 19 18 48
49 15 14 52 53 11 10 56
8 58 59 5 4 62 63 1

16 11 10 16 24 40 51 61
12 12 14 19 26 58 60 55
14 13 16 24 40 57 69 56
14 17 22 29 51 87 80 62
18 22 37 56 68 109 103 77
24 35 55 64 81 104 113 92
49 64 78 87 103 121 120 101
72 92 95 98 112 100 103 99

178 187 183 175 178 177 150 183
191 174 171 182 176 171 170 188
199 153 128 177 171 167 173 183
195 178 158 167 167 165 166 177
190 186 158 155 159 164 158 178
194 184 137 148 157 158 150 173
200 194 148 151 161 155 148 167
200 195 172 159 159 152 156 154

